	Bubble sort	Insertion sort	Selection sort	Counting sort	Quick sort	Merge sort
100	2.119e-05	2.16e-07	9.161e-06	4.783e-06	2.234e-06	2.5e-08
200	8.373e-05	3.74e-07	3.4442e-05	5.782e-06	3.911e-06	1.3e-08
300	0.00019245	5.58e-07	9.3393e-05	7.975e-06	7.555e-06	3.1e-08
400	0.000427175	7.37e-07	0.000134297	7.893e-06	8.507e-06	2.8e-08
500	0.00056586	9.15e-07	0.000208506	8.563e-06	1.0899e-05	2.6e-08
500	0.00058972	1.041e-06	0.000207663	6.619e-06	9.353e-06	2.322e-05
750	0.00136541	1.348e-06	0.000467214	1.0369e-05	1.8242e-05	2.6854e-05
1000	0.00233533	1.779e-06	0.000943285	1.1201e-05	2.4734e-05	3.5447e-05
2000	0.00948006	3.613e-06	0.00334837	1.4831e-05	7.3773e-05	8.3394e-05
3000	0.0225872	6.064e-06	0.0185331	2.1309e-05	0.000105421	0.000140074
4000	0.0297818	7.226e-06	0.013439	2.0577e-05	0.000121723	0.000182031
5000	0.037558	9.03e-06	0.0206687	2.3685e-05	0.000150895	0.000206039
6000	0.0500321	1.0597e-05	0.0295759	2.631e-05	0.000180921	0.000328155
7000	0.0647813	1.2434e-05	0.0403444	2.9152e-05	0.000211176	0.000283896
8000	0.0802876	1.4594e-05	0.0526626	3.267e-05	0.000240965	0.000312277
9000	0.0980799	1.5879e-05	0.0669082	3.5745e-05	0.000270889	0.000388215
10000	0.116867	1.7642e-05	0.082455	4.719e-05	0.000316061	0.00042582
10000	0.116785	1.743e-05	0.0968492	3.6305e-05	0.000304789	0.000414471
15000	0.235371	2.6409e-05	0.184979	5.4114e-05	0.000461494	0.000650328
20000	0.38785		3.5155e-05	0.342974	6.4153e-05	0.000626547	0.000877057
25000	0.579075	4.4637e-05	0.528561	7.8397e-05	0.000793248	0.00105205
30000	0.814645	5.3939e-05	0.806468	0.000100015	0.000990937	0.00135792
35000	1.18123		7.217e-05	1.09534		0.000118259	0.00116803	0.00157663
40000	1.48374		7.2579e-05	1.45652		0.000126311	0.00139247	0.00192242
45000	1.92191		8.1102e-05	1.75108		0.000148824	0.00149453	0.00210668
50000	2.08289		9.1185e-05	2.05776		0.000202204	0.00188057	0.00294712
55000	2.49664		9.6917e-05	2.49422		0.000188007	0.00185427	0.00248216
60000	3.01645		0.000131422	2.95938		0.000196116	0.00208894	0.00295791
65000	3.42305		0.000115661	3.46825		0.000211863	0.00228304	0.00290057
70000	4.05917		0.000128746	4.08399		0.000238747	0.00249075	0.0033333
75000	4.48732		0.000132466	4.67395		0.000238028	0.00284768	0.00338513
80000	5.06865		0.000141416	5.25254		0.000252541	0.00288772	0.00383529
85000	5.7011		0.000157317	5.98679		0.000272575	0.00305251	0.00383422
90000	6.35444		0.000163943	6.65126		0.000293305	0.00319491	0.00427953
95000	7.05539		0.000168396	7.41917		0.000353504	0.00354808	0.00442528
100000	7.91687		0.000181376	8.19932		0.000340285	0.00344695	0.00477959
